function Nm_xi = Shape_34103(L,H,W,xi,eta,zeta)
%Shape_34103
%    Nm_xi = Shape_34103(L,H,W,XI,ETA,ZETA)

%    This function was generated by the Symbolic Math Toolbox version 24.1.
%    03-Oct-2024 22:38:39

t2 = H.^2;
t3 = H.^3;
t4 = W.^2;
t5 = W.^3;
t6 = eta.^2;
t7 = eta.^3;
t8 = xi.*3.0;
t9 = xi.^2;
t10 = xi.^3;
t11 = zeta.^2;
t12 = zeta.^3;
t18 = xi./1.6e+1;
t22 = xi.*(2.7e+1./1.6e+1);
t14 = -t9;
t15 = t10.*-3.0;
t16 = t9.*9.0;
t17 = t10.*9.0;
t21 = -t18;
t23 = -t22;
t24 = t9.*(9.0./1.6e+1);
t25 = t10.*(9.0./1.6e+1);
t26 = t10.*(2.7e+1./1.6e+1);
t20 = -t17;
t27 = -t24;
t28 = -t25;
t29 = -t26;
t30 = t8+t9+t15-1.0;
t33 = t8+t14+t15+1.0;
t42 = (H.*eta.*(t16+t17-xi-1.0))./3.2e+1;
t43 = (W.*zeta.*(t16+t17-xi-1.0))./3.2e+1;
t54 = (H.*W.*eta.*zeta.*(t16+t17-xi-1.0))./6.4e+1;
t66 = (t2.*t6.*(t16+t17-xi-1.0))./1.28e+2;
t69 = (t4.*t11.*(t16+t17-xi-1.0))./1.28e+2;
t76 = (t3.*t7.*(t16+t17-xi-1.0))./7.68e+2;
t77 = (t5.*t12.*(t16+t17-xi-1.0))./7.68e+2;
t78 = t21+t24+t25-1.0./1.6e+1;
t88 = (H.*eta.*t4.*t11.*(t16+t17-xi-1.0))./2.56e+2;
t89 = (W.*t2.*t6.*zeta.*(t16+t17-xi-1.0))./2.56e+2;
t32 = t16+t20+xi-1.0;
t34 = H.*eta.*t30.*(9.0./3.2e+1);
t35 = W.*t30.*zeta.*(9.0./3.2e+1);
t44 = H.*eta.*t33.*(9.0./3.2e+1);
t45 = W.*t33.*zeta.*(9.0./3.2e+1);
t46 = H.*W.*eta.*t30.*zeta.*(9.0./6.4e+1);
t47 = t3.*t7.*t30.*(3.0./2.56e+2);
t51 = t5.*t12.*t30.*(3.0./2.56e+2);
t52 = t2.*t6.*t30.*(9.0./1.28e+2);
t55 = t4.*t11.*t30.*(9.0./1.28e+2);
t57 = H.*W.*eta.*t33.*zeta.*(9.0./6.4e+1);
t64 = t3.*t7.*t33.*(3.0./2.56e+2);
t65 = t5.*t12.*t33.*(3.0./2.56e+2);
t72 = t2.*t6.*t33.*(9.0./1.28e+2);
t73 = t4.*t11.*t33.*(9.0./1.28e+2);
t74 = H.*eta.*t4.*t11.*t30.*(9.0./2.56e+2);
t75 = W.*t2.*t6.*t30.*zeta.*(9.0./2.56e+2);
t79 = t18+t24+t28-1.0./1.6e+1;
t86 = H.*eta.*t4.*t11.*t33.*(9.0./2.56e+2);
t87 = W.*t2.*t6.*t33.*zeta.*(9.0./2.56e+2);
t90 = t23+t26+t27+9.0./1.6e+1;
t91 = t22+t27+t29+9.0./1.6e+1;
t36 = -t34;
t38 = (H.*eta.*t32)./3.2e+1;
t39 = -t35;
t41 = (W.*t32.*zeta)./3.2e+1;
t48 = -t46;
t50 = (H.*W.*eta.*t32.*zeta)./6.4e+1;
t53 = -t47;
t56 = -t51;
t58 = -t52;
t60 = (t2.*t6.*t32)./1.28e+2;
t61 = -t55;
t63 = (t4.*t11.*t32)./1.28e+2;
t68 = (t3.*t7.*t32)./7.68e+2;
t71 = (t5.*t12.*t32)./7.68e+2;
t80 = -t74;
t81 = -t75;
t83 = (H.*eta.*t4.*t11.*t32)./2.56e+2;
t85 = (W.*t2.*t6.*t32.*zeta)./2.56e+2;
mt1 = [t79,0.0,0.0,0.0,t79,0.0,0.0,0.0,t79,t38,0.0,0.0,0.0,t38,0.0,0.0,0.0,t38,t41,0.0,0.0,0.0,t41,0.0,0.0,0.0,t41,t50,0.0,0.0,0.0,t50,0.0,0.0,0.0,t50,t60,0.0,0.0,0.0,t60,0.0,0.0,0.0,t60,t63,0.0,0.0,0.0,t63,0.0,0.0,0.0,t63,t85,0.0,0.0,0.0,t85,0.0,0.0,0.0,t85,t83,0.0,0.0,0.0,t83,0.0,0.0,0.0,t83,t68,0.0,0.0,0.0,t68,0.0,0.0,0.0,t68,t71,0.0,0.0,0.0,t71,0.0,0.0,0.0,t71,t90,0.0,0.0,0.0,t90,0.0,0.0,0.0,t90,t36,0.0,0.0,0.0,t36,0.0,0.0,0.0,t36,t39,0.0,0.0,0.0,t39,0.0,0.0,0.0,t39,t48,0.0,0.0,0.0,t48,0.0,0.0,0.0,t48,t58,0.0,0.0,0.0,t58,0.0,0.0,0.0,t58,t61,0.0,0.0,0.0,t61,0.0,0.0,0.0,t61,t81,0.0,0.0,0.0,t81,0.0,0.0,0.0,t81,t80,0.0,0.0,0.0,t80,0.0,0.0,0.0,t80,t53,0.0,0.0,0.0,t53,0.0,0.0,0.0,t53,t56,0.0,0.0,0.0,t56,0.0,0.0,0.0,t56,t91,0.0,0.0,0.0,t91,0.0,0.0,0.0,t91,t44,0.0,0.0,0.0,t44,0.0,0.0,0.0,t44,t45,0.0];
mt2 = [0.0,0.0,t45,0.0,0.0,0.0,t45,t57,0.0,0.0,0.0,t57,0.0,0.0,0.0,t57,t72,0.0,0.0,0.0,t72,0.0,0.0,0.0,t72,t73,0.0,0.0,0.0,t73,0.0,0.0,0.0,t73,t87,0.0,0.0,0.0,t87,0.0,0.0,0.0,t87,t86,0.0,0.0,0.0,t86,0.0,0.0,0.0,t86,t64,0.0,0.0,0.0,t64,0.0,0.0,0.0,t64,t65,0.0,0.0,0.0,t65,0.0,0.0,0.0,t65,t78,0.0,0.0,0.0,t78,0.0,0.0,0.0,t78,t42,0.0,0.0,0.0,t42,0.0,0.0,0.0,t42,t43,0.0,0.0,0.0,t43,0.0,0.0,0.0,t43,t54,0.0,0.0,0.0,t54,0.0,0.0,0.0,t54,t66,0.0,0.0,0.0,t66,0.0,0.0,0.0,t66,t69,0.0,0.0,0.0,t69,0.0,0.0,0.0,t69,t89,0.0,0.0,0.0,t89,0.0,0.0,0.0,t89,t88,0.0,0.0,0.0,t88,0.0,0.0,0.0,t88,t76,0.0,0.0,0.0,t76,0.0,0.0,0.0,t76,t77,0.0,0.0,0.0,t77,0.0,0.0,0.0,t77];
Nm_xi = reshape([mt1,mt2],3,120);
end
