function dEde = dEde_3333(in1,L,H,W,xi,eta,zeta)
%DEDE_3333
%    DEDE = DEDE_3333(IN1,L,H,W,XI,ETA,ZETA)

%    This function was generated by the Symbolic Math Toolbox version 8.3.
%    19-Feb-2020 13:11:37

ee1 = in1(1,:);
ee2 = in1(2,:);
ee3 = in1(3,:);
ee4 = in1(4,:);
ee5 = in1(5,:);
ee6 = in1(6,:);
ee7 = in1(7,:);
ee8 = in1(8,:);
ee9 = in1(9,:);
ee10 = in1(10,:);
ee11 = in1(11,:);
ee12 = in1(12,:);
ee13 = in1(13,:);
ee14 = in1(14,:);
ee15 = in1(15,:);
ee16 = in1(16,:);
ee17 = in1(17,:);
ee18 = in1(18,:);
ee19 = in1(19,:);
ee20 = in1(20,:);
ee21 = in1(21,:);
ee22 = in1(22,:);
ee23 = in1(23,:);
ee24 = in1(24,:);
ee25 = in1(25,:);
ee26 = in1(26,:);
ee27 = in1(27,:);
t2 = H.*eta;
t3 = W.*zeta;
t4 = xi.*2.0;
t5 = xi+1.0;
t9 = 1.0./H;
t11 = 1.0./L;
t13 = 1.0./W;
t19 = H./2.0;
t20 = W./2.0;
t21 = xi+1.0./2.0;
t26 = xi-1.0./2.0;
t6 = ee10.*t4;
t7 = ee11.*t4;
t8 = ee12.*t4;
t10 = t9.^2;
t12 = t11.^2;
t14 = t13.^2;
t15 = t4+2.0;
t16 = t5.^2;
t17 = H.*t5;
t18 = W.*t5;
t22 = t2./4.0;
t23 = t2.*(3.0./4.0);
t24 = t3./4.0;
t25 = t3.*(3.0./4.0);
t27 = ee19.*t21;
t28 = ee20.*t21;
t29 = ee21.*t21;
t34 = ee1.*t26;
t35 = ee2.*t26;
t36 = ee3.*t26;
t30 = t17./4.0;
t31 = t17.*(3.0./4.0);
t32 = t18./4.0;
t33 = t18.*(3.0./4.0);
t39 = -t27;
t40 = -t28;
t41 = -t29;
t42 = -t34;
t43 = -t35;
t44 = -t36;
t45 = t16.*t19;
t46 = (H.*t16)./4.0;
t47 = t16.*t20;
t48 = (W.*t16)./4.0;
t49 = (t2.*t15)./2.0;
t50 = t15.*t22;
t51 = (t3.*t15)./2.0;
t52 = t15.*t24;
t53 = H.*t16.*(-1.0./2.0);
t55 = W.*t16.*(-1.0./2.0);
t58 = t2.*t15.*(-1.0./4.0);
t60 = t3.*t15.*(-1.0./4.0);
t37 = -t31;
t38 = -t33;
t54 = -t46;
t56 = -t48;
t57 = -t49;
t59 = -t51;
t63 = t17+t53;
t64 = t18+t55;
t77 = t22+t58;
t78 = t23+t58;
t79 = t24+t60;
t80 = t25+t60;
t61 = t2+t57;
t62 = t3+t59;
t71 = ee13.*t63;
t72 = ee14.*t63;
t73 = ee15.*t63;
t74 = ee16.*t64;
t75 = ee17.*t64;
t76 = ee18.*t64;
t87 = t30+t54;
t88 = t32+t56;
t89 = ee4.*t78;
t90 = ee5.*t78;
t91 = ee6.*t78;
t92 = ee22.*t77;
t93 = ee23.*t77;
t94 = ee24.*t77;
t95 = ee7.*t80;
t96 = ee8.*t80;
t97 = ee9.*t80;
t98 = ee25.*t79;
t99 = ee26.*t79;
t100 = ee27.*t79;
t113 = t19+t37+t46;
t114 = t20+t38+t48;
t65 = ee13.*t61;
t66 = ee14.*t61;
t67 = ee15.*t61;
t68 = ee16.*t62;
t69 = ee17.*t62;
t70 = ee18.*t62;
t101 = ee22.*t87;
t102 = ee23.*t87;
t103 = ee24.*t87;
t104 = ee25.*t88;
t105 = ee26.*t88;
t106 = ee27.*t88;
t115 = ee4.*t113;
t116 = ee5.*t113;
t117 = ee6.*t113;
t118 = ee7.*t114;
t119 = ee8.*t114;
t120 = ee9.*t114;
t81 = -t65;
t82 = -t66;
t83 = -t67;
t84 = -t68;
t85 = -t69;
t86 = -t70;
t107 = -t101;
t108 = -t102;
t109 = -t103;
t110 = -t104;
t111 = -t105;
t112 = -t106;
t121 = t71+t107+t115;
t122 = t72+t108+t116;
t123 = t73+t109+t117;
t124 = t74+t110+t118;
t125 = t75+t111+t119;
t126 = t76+t112+t120;
t235 = t6+t39+t42+t81+t84+t89+t92+t95+t98;
t236 = t7+t40+t43+t82+t85+t90+t93+t96+t99;
t237 = t8+t41+t44+t83+t86+t91+t94+t97+t100;
t127 = t11.*t13.*t124.*xi.*4.0;
t128 = t11.*t13.*t125.*xi.*4.0;
t129 = t11.*t13.*t126.*xi.*4.0;
t130 = t9.*t11.*t121.*xi.*4.0;
t131 = t9.*t11.*t122.*xi.*4.0;
t132 = t9.*t11.*t123.*xi.*4.0;
t139 = t9.*t11.*t21.*t121.*2.0;
t140 = t9.*t11.*t21.*t122.*2.0;
t141 = t9.*t11.*t21.*t123.*2.0;
t142 = t11.*t13.*t21.*t124.*2.0;
t143 = t11.*t13.*t21.*t125.*2.0;
t144 = t11.*t13.*t21.*t126.*2.0;
t145 = t9.*t11.*t26.*t121.*2.0;
t146 = t9.*t11.*t26.*t122.*2.0;
t147 = t9.*t11.*t26.*t123.*2.0;
t148 = t11.*t13.*t26.*t124.*2.0;
t149 = t11.*t13.*t26.*t125.*2.0;
t150 = t11.*t13.*t26.*t126.*2.0;
t151 = t9.*t11.*t62.*t121.*2.0;
t152 = t9.*t11.*t62.*t122.*2.0;
t153 = t9.*t11.*t62.*t123.*2.0;
t154 = t11.*t13.*t61.*t124.*2.0;
t155 = t11.*t13.*t61.*t125.*2.0;
t156 = t11.*t13.*t61.*t126.*2.0;
t157 = t11.*t13.*t62.*t124.*2.0;
t158 = t11.*t13.*t62.*t125.*2.0;
t159 = t11.*t13.*t62.*t126.*2.0;
t160 = t9.*t11.*t61.*t121.*2.0;
t161 = t9.*t11.*t61.*t122.*2.0;
t162 = t9.*t11.*t61.*t123.*2.0;
t163 = t9.*t13.*t64.*t121.*2.0;
t164 = t9.*t13.*t64.*t122.*2.0;
t165 = t9.*t13.*t64.*t123.*2.0;
t166 = t9.*t13.*t63.*t124.*2.0;
t167 = t9.*t13.*t63.*t125.*2.0;
t168 = t9.*t13.*t63.*t126.*2.0;
t169 = t9.*t11.*t79.*t121.*2.0;
t170 = t9.*t11.*t80.*t121.*2.0;
t171 = t9.*t11.*t79.*t122.*2.0;
t172 = t9.*t11.*t80.*t122.*2.0;
t173 = t9.*t11.*t79.*t123.*2.0;
t174 = t9.*t11.*t80.*t123.*2.0;
t175 = t11.*t13.*t77.*t124.*2.0;
t176 = t11.*t13.*t78.*t124.*2.0;
t177 = t11.*t13.*t77.*t125.*2.0;
t178 = t11.*t13.*t78.*t125.*2.0;
t179 = t11.*t13.*t77.*t126.*2.0;
t180 = t11.*t13.*t78.*t126.*2.0;
t181 = t11.*t13.*t79.*t124.*2.0;
t182 = t11.*t13.*t80.*t124.*2.0;
t183 = t11.*t13.*t79.*t125.*2.0;
t184 = t11.*t13.*t80.*t125.*2.0;
t185 = t11.*t13.*t79.*t126.*2.0;
t186 = t11.*t13.*t80.*t126.*2.0;
t187 = t9.*t11.*t77.*t121.*2.0;
t188 = t9.*t11.*t78.*t121.*2.0;
t189 = t9.*t11.*t77.*t122.*2.0;
t190 = t9.*t11.*t78.*t122.*2.0;
t191 = t9.*t11.*t77.*t123.*2.0;
t192 = t9.*t11.*t78.*t123.*2.0;
t193 = t9.*t13.*t88.*t121.*2.0;
t194 = t9.*t13.*t88.*t122.*2.0;
t195 = t9.*t13.*t88.*t123.*2.0;
t208 = t9.*t13.*t87.*t124.*2.0;
t209 = t9.*t13.*t87.*t125.*2.0;
t210 = t9.*t13.*t87.*t126.*2.0;
t229 = t9.*t13.*t113.*t124.*2.0;
t230 = t9.*t13.*t113.*t125.*2.0;
t231 = t9.*t13.*t113.*t126.*2.0;
t232 = t9.*t13.*t114.*t121.*2.0;
t233 = t9.*t13.*t114.*t122.*2.0;
t234 = t9.*t13.*t114.*t123.*2.0;
t238 = t11.*t13.*t64.*t235.*2.0;
t239 = t11.*t13.*t64.*t236.*2.0;
t240 = t11.*t13.*t64.*t237.*2.0;
t241 = t9.*t11.*t63.*t235.*2.0;
t242 = t9.*t11.*t63.*t236.*2.0;
t243 = t9.*t11.*t63.*t237.*2.0;
t250 = t11.*t13.*t88.*t235.*2.0;
t251 = t11.*t13.*t88.*t236.*2.0;
t252 = t11.*t13.*t88.*t237.*2.0;
t253 = t9.*t11.*t87.*t235.*2.0;
t254 = t9.*t11.*t87.*t236.*2.0;
t255 = t9.*t11.*t87.*t237.*2.0;
t256 = t9.*t11.*t113.*t235.*2.0;
t257 = t9.*t11.*t113.*t236.*2.0;
t258 = t9.*t11.*t113.*t237.*2.0;
t259 = t11.*t13.*t114.*t235.*2.0;
t260 = t11.*t13.*t114.*t236.*2.0;
t261 = t11.*t13.*t114.*t237.*2.0;
t133 = -t127;
t134 = -t128;
t135 = -t129;
t136 = -t130;
t137 = -t131;
t138 = -t132;
t196 = -t169;
t197 = -t170;
t198 = -t171;
t199 = -t172;
t200 = -t173;
t201 = -t174;
t202 = -t175;
t203 = -t176;
t204 = -t177;
t205 = -t178;
t206 = -t179;
t207 = -t180;
t211 = -t181;
t212 = -t182;
t213 = -t183;
t214 = -t184;
t215 = -t185;
t216 = -t186;
t217 = -t187;
t218 = -t188;
t219 = -t189;
t220 = -t190;
t221 = -t191;
t222 = -t192;
t223 = -t193;
t224 = -t194;
t225 = -t195;
t226 = -t208;
t227 = -t209;
t228 = -t210;
t244 = -t238;
t245 = -t239;
t246 = -t240;
t247 = -t241;
t248 = -t242;
t249 = -t243;
t262 = -t256;
t263 = -t257;
t264 = -t258;
t265 = -t259;
t266 = -t260;
t267 = -t261;
t268 = t157+t244;
t269 = t158+t245;
t270 = t159+t246;
t271 = t160+t247;
t272 = t161+t248;
t273 = t162+t249;
t274 = t211+t250;
t275 = t213+t251;
t276 = t215+t252;
t277 = t217+t253;
t278 = t219+t254;
t279 = t221+t255;
t280 = t212+t265;
t281 = t214+t266;
t282 = t216+t267;
t283 = t218+t262;
t284 = t220+t263;
t285 = t222+t264;
