function dEde = dEde_3363(in1,L,H,W,xi,eta,zeta)
%DEDE_3363
%    DEDE = DEDE_3363(IN1,L,H,W,XI,ETA,ZETA)

%    This function was generated by the Symbolic Math Toolbox version 8.3.
%    15-Apr-2020 15:57:36

ee1 = in1(1,:);
ee2 = in1(2,:);
ee3 = in1(3,:);
ee4 = in1(4,:);
ee5 = in1(5,:);
ee6 = in1(6,:);
ee7 = in1(7,:);
ee8 = in1(8,:);
ee9 = in1(9,:);
ee10 = in1(10,:);
ee11 = in1(11,:);
ee12 = in1(12,:);
ee13 = in1(13,:);
ee14 = in1(14,:);
ee15 = in1(15,:);
ee16 = in1(16,:);
ee17 = in1(17,:);
ee18 = in1(18,:);
ee19 = in1(19,:);
ee20 = in1(20,:);
ee21 = in1(21,:);
ee22 = in1(22,:);
ee23 = in1(23,:);
ee24 = in1(24,:);
ee25 = in1(25,:);
ee26 = in1(26,:);
ee27 = in1(27,:);
ee28 = in1(28,:);
ee29 = in1(29,:);
ee30 = in1(30,:);
ee31 = in1(31,:);
ee32 = in1(32,:);
ee33 = in1(33,:);
ee34 = in1(34,:);
ee35 = in1(35,:);
ee36 = in1(36,:);
ee37 = in1(37,:);
ee38 = in1(38,:);
ee39 = in1(39,:);
ee40 = in1(40,:);
ee41 = in1(41,:);
ee42 = in1(42,:);
ee43 = in1(43,:);
ee44 = in1(44,:);
ee45 = in1(45,:);
ee46 = in1(46,:);
ee47 = in1(47,:);
ee48 = in1(48,:);
ee49 = in1(49,:);
ee50 = in1(50,:);
ee51 = in1(51,:);
ee52 = in1(52,:);
ee53 = in1(53,:);
ee54 = in1(54,:);
t2 = H.*eta;
t3 = W.*zeta;
t4 = H.^2;
t5 = W.^2;
t6 = eta.^2;
t7 = xi.*2.0;
t8 = xi+1.0;
t9 = zeta.^2;
t13 = 1.0./H;
t15 = 1.0./L;
t17 = 1.0./W;
t23 = H./2.0;
t24 = W./2.0;
t25 = xi+1.0./2.0;
t30 = xi-1.0./2.0;
t10 = ee19.*t7;
t11 = ee20.*t7;
t12 = ee21.*t7;
t14 = 1.0./t4;
t16 = t15.^2;
t18 = 1.0./t5;
t19 = t7+2.0;
t20 = t8.^2;
t21 = H.*t8;
t22 = W.*t8;
t26 = t2./4.0;
t27 = t2.*(3.0./4.0);
t28 = t3./4.0;
t29 = t3.*(3.0./4.0);
t33 = ee37.*t25;
t34 = ee38.*t25;
t35 = ee39.*t25;
t42 = ee1.*t30;
t43 = ee2.*t30;
t44 = ee3.*t30;
t45 = (t2.*t3)./2.0;
t51 = (t2.*t3)./8.0;
t52 = t2.*t3.*(3.0./8.0);
t74 = t2.^2./1.6e+1;
t75 = t2.^2.*(3.0./1.6e+1);
t80 = t3.^2./1.6e+1;
t81 = t3.^2.*(3.0./1.6e+1);
t31 = W.*t26;
t32 = H.*t28;
t36 = H.*t26;
t37 = t21./4.0;
t38 = t21.*(3.0./4.0);
t39 = t22./4.0;
t40 = t22.*(3.0./4.0);
t41 = W.*t28;
t48 = -t33;
t49 = -t34;
t50 = -t35;
t53 = (t2.*t22)./2.0;
t54 = (t3.*t21)./2.0;
t55 = -t42;
t56 = -t43;
t57 = -t44;
t58 = t2.*t26;
t59 = t20.*t23;
t60 = (H.*t20)./4.0;
t61 = t20.*t24;
t62 = (W.*t20)./4.0;
t63 = t3.*t28;
t64 = (t2.*t22)./8.0;
t65 = t2.*t22.*(3.0./8.0);
t66 = (t2.*t19)./2.0;
t67 = t19.*t26;
t68 = (t2.*t21)./2.0;
t69 = (t3.*t21)./8.0;
t70 = t3.*t21.*(3.0./8.0);
t71 = (t3.*t19)./2.0;
t72 = t19.*t28;
t73 = (t3.*t22)./2.0;
t76 = H.*t20.*(-1.0./2.0);
t78 = W.*t20.*(-1.0./2.0);
t84 = t2.*t19.*(-1.0./4.0);
t85 = (t2.*t21)./8.0;
t86 = t2.*t21.*(3.0./8.0);
t89 = t3.*t19.*(-1.0./4.0);
t90 = (t3.*t22)./8.0;
t91 = t3.*t22.*(3.0./8.0);
t97 = W.*t2.*t20.*(-1.0./4.0);
t98 = (W.*t2.*t20)./8.0;
t100 = H.*t3.*t20.*(-1.0./4.0);
t101 = (H.*t3.*t20)./8.0;
t104 = t19.*t51;
t106 = H.*t2.*t20.*(-1.0./4.0);
t107 = (H.*t2.*t20)./8.0;
t109 = W.*t3.*t20.*(-1.0./4.0);
t110 = (W.*t3.*t20)./8.0;
t111 = t2.*t3.*t19.*(-1.0./8.0);
t114 = (t2.^2.*t19)./8.0;
t115 = t19.*t74;
t116 = (t3.^2.*t19)./8.0;
t117 = t19.*t80;
t121 = t2.^2.*t19.*(-1.0./1.6e+1);
t123 = t3.^2.*t19.*(-1.0./1.6e+1);
t46 = -t38;
t47 = -t40;
t77 = -t60;
t79 = -t62;
t82 = -t65;
t83 = -t66;
t87 = -t70;
t88 = -t71;
t92 = t20.*t31;
t93 = t20.*t32;
t94 = t3.*t67;
t95 = -t86;
t96 = -t91;
t99 = t20.*t36;
t102 = t20.*t41;
t103 = t3.*t84;
t105 = -t98;
t108 = -t101;
t112 = -t107;
t113 = -t110;
t120 = -t114;
t122 = -t116;
t124 = t21+t76;
t125 = t22+t78;
t138 = t26+t84;
t139 = t27+t84;
t140 = t28+t89;
t141 = t29+t89;
t169 = t53+t97;
t170 = t54+t100;
t180 = t51+t111;
t181 = t52+t111;
t188 = t68+t106;
t190 = t73+t109;
t225 = t74+t121;
t226 = t75+t121;
t227 = t80+t123;
t228 = t81+t123;
t235 = -ee34.*(t116-t3.^2./4.0);
t236 = -ee35.*(t116-t3.^2./4.0);
t237 = -ee36.*(t116-t3.^2./4.0);
t241 = -ee31.*(t114-t2.^2./4.0);
t242 = -ee32.*(t114-t2.^2./4.0);
t243 = -ee33.*(t114-t2.^2./4.0);
t247 = ee16.*(t81-t117);
t248 = ee17.*(t81-t117);
t249 = ee18.*(t81-t117);
t250 = ee52.*(t80-t117);
t251 = ee53.*(t80-t117);
t252 = ee54.*(t80-t117);
t253 = ee13.*(t75-t115);
t254 = ee14.*(t75-t115);
t255 = ee15.*(t75-t115);
t256 = ee49.*(t74-t115);
t257 = ee50.*(t74-t115);
t258 = ee51.*(t74-t115);
t262 = ee34.*(t116-t3.^2./4.0);
t263 = ee35.*(t116-t3.^2./4.0);
t264 = ee36.*(t116-t3.^2./4.0);
t268 = ee31.*(t114-t2.^2./4.0);
t269 = ee32.*(t114-t2.^2./4.0);
t270 = ee33.*(t114-t2.^2./4.0);
t118 = t2+t83;
t119 = t3+t88;
t132 = ee22.*t124;
t133 = ee23.*t124;
t134 = ee24.*t124;
t135 = ee25.*t125;
t136 = ee26.*t125;
t137 = ee27.*t125;
t148 = t37+t77;
t149 = t39+t79;
t150 = ee4.*t139;
t151 = ee5.*t139;
t152 = ee6.*t139;
t153 = ee40.*t138;
t154 = ee41.*t138;
t155 = ee42.*t138;
t156 = ee7.*t141;
t157 = ee8.*t141;
t158 = ee9.*t141;
t159 = ee43.*t140;
t160 = ee44.*t140;
t161 = ee45.*t140;
t168 = t45+t103;
t182 = t23+t46+t60;
t183 = t24+t47+t62;
t184 = ee28.*t170;
t185 = ee29.*t170;
t186 = ee30.*t170;
t187 = t64+t105;
t189 = t69+t108;
t191 = ee28.*t169;
t192 = ee29.*t169;
t193 = ee30.*t169;
t194 = ee10.*t181;
t195 = ee11.*t181;
t196 = ee12.*t181;
t200 = ee46.*t180;
t201 = ee47.*t180;
t202 = ee48.*t180;
t209 = ee31.*t188;
t210 = ee32.*t188;
t211 = ee33.*t188;
t215 = t58+t120;
t216 = t85+t112;
t217 = ee34.*t190;
t218 = ee35.*t190;
t219 = ee36.*t190;
t220 = t63+t122;
t221 = t90+t113;
t271 = t31+t82+t98;
t272 = t32+t87+t101;
t279 = t41+t96+t110;
t280 = t36+t95+t107;
t126 = ee22.*t118;
t127 = ee23.*t118;
t128 = ee24.*t118;
t129 = ee25.*t119;
t130 = ee26.*t119;
t131 = ee27.*t119;
t162 = ee40.*t148;
t163 = ee41.*t148;
t164 = ee42.*t148;
t165 = ee43.*t149;
t166 = ee44.*t149;
t167 = ee45.*t149;
t177 = ee28.*t168;
t178 = ee29.*t168;
t179 = ee30.*t168;
t203 = ee4.*t182;
t204 = ee5.*t182;
t205 = ee6.*t182;
t206 = ee7.*t183;
t207 = ee8.*t183;
t208 = ee9.*t183;
t212 = ee46.*t189;
t213 = ee47.*t189;
t214 = ee48.*t189;
t222 = ee46.*t187;
t223 = ee47.*t187;
t224 = ee48.*t187;
t229 = ee49.*t216;
t230 = ee50.*t216;
t231 = ee51.*t216;
t238 = ee52.*t221;
t239 = ee53.*t221;
t240 = ee54.*t221;
t273 = ee10.*t271;
t274 = ee11.*t271;
t275 = ee12.*t271;
t276 = ee10.*t272;
t277 = ee11.*t272;
t278 = ee12.*t272;
t281 = ee13.*t280;
t282 = ee14.*t280;
t283 = ee15.*t280;
t284 = ee16.*t279;
t285 = ee17.*t279;
t286 = ee18.*t279;
t142 = -t126;
t143 = -t127;
t144 = -t128;
t145 = -t129;
t146 = -t130;
t147 = -t131;
t171 = -t162;
t172 = -t163;
t173 = -t164;
t174 = -t165;
t175 = -t166;
t176 = -t167;
t197 = -t177;
t198 = -t178;
t199 = -t179;
t232 = -t212;
t233 = -t213;
t234 = -t214;
t244 = -t222;
t245 = -t223;
t246 = -t224;
t259 = -t229;
t260 = -t230;
t261 = -t231;
t265 = -t238;
t266 = -t239;
t267 = -t240;
t287 = t132+t171+t184+t203+t209+t232+t259+t276+t281;
t288 = t133+t172+t185+t204+t210+t233+t260+t277+t282;
t289 = t134+t173+t186+t205+t211+t234+t261+t278+t283;
t290 = t135+t174+t191+t206+t217+t244+t265+t273+t284;
t291 = t136+t175+t192+t207+t218+t245+t266+t274+t285;
t292 = t137+t176+t193+t208+t219+t246+t267+t275+t286;
t539 = t10+t48+t55+t142+t145+t150+t153+t156+t159+t194+t197+t200+t247+t250+t253+t256+t262+t268;
t540 = t11+t49+t56+t143+t146+t151+t154+t157+t160+t195+t198+t201+t248+t251+t254+t257+t263+t269;
t541 = t12+t50+t57+t144+t147+t152+t155+t158+t161+t196+t199+t202+t249+t252+t255+t258+t264+t270;
t293 = t15.*t17.*t290.*xi.*4.0;
t294 = t15.*t17.*t291.*xi.*4.0;
t295 = t15.*t17.*t292.*xi.*4.0;
t296 = t13.*t15.*t287.*xi.*4.0;
t297 = t13.*t15.*t288.*xi.*4.0;
t298 = t13.*t15.*t289.*xi.*4.0;
t305 = t15.*t17.*t25.*t290.*2.0;
t306 = t15.*t17.*t25.*t291.*2.0;
t307 = t15.*t17.*t25.*t292.*2.0;
t308 = t13.*t15.*t25.*t287.*2.0;
t309 = t13.*t15.*t25.*t288.*2.0;
t310 = t13.*t15.*t25.*t289.*2.0;
t311 = t15.*t17.*t30.*t290.*2.0;
t312 = t15.*t17.*t30.*t291.*2.0;
t313 = t15.*t17.*t30.*t292.*2.0;
t314 = t13.*t15.*t30.*t287.*2.0;
t315 = t13.*t15.*t30.*t288.*2.0;
t316 = t13.*t15.*t30.*t289.*2.0;
t317 = t15.*t17.*t118.*t290.*2.0;
t318 = t15.*t17.*t118.*t291.*2.0;
t319 = t15.*t17.*t118.*t292.*2.0;
t320 = t13.*t15.*t118.*t287.*2.0;
t321 = t13.*t15.*t118.*t288.*2.0;
t322 = t13.*t15.*t118.*t289.*2.0;
t323 = t15.*t17.*t119.*t290.*2.0;
t324 = t15.*t17.*t119.*t291.*2.0;
