function F = FF_3363(in1,L,H,W,xi,eta,zeta)
%FF_3363
%    F = FF_3363(IN1,L,H,W,XI,ETA,ZETA)

%    This function was generated by the Symbolic Math Toolbox version 8.3.
%    15-Apr-2020 15:57:20

ee1 = in1(1,:);
ee2 = in1(2,:);
ee3 = in1(3,:);
ee4 = in1(4,:);
ee5 = in1(5,:);
ee6 = in1(6,:);
ee7 = in1(7,:);
ee8 = in1(8,:);
ee9 = in1(9,:);
ee10 = in1(10,:);
ee11 = in1(11,:);
ee12 = in1(12,:);
ee13 = in1(13,:);
ee14 = in1(14,:);
ee15 = in1(15,:);
ee16 = in1(16,:);
ee17 = in1(17,:);
ee18 = in1(18,:);
ee19 = in1(19,:);
ee20 = in1(20,:);
ee21 = in1(21,:);
ee22 = in1(22,:);
ee23 = in1(23,:);
ee24 = in1(24,:);
ee25 = in1(25,:);
ee26 = in1(26,:);
ee27 = in1(27,:);
ee28 = in1(28,:);
ee29 = in1(29,:);
ee30 = in1(30,:);
ee31 = in1(31,:);
ee32 = in1(32,:);
ee33 = in1(33,:);
ee34 = in1(34,:);
ee35 = in1(35,:);
ee36 = in1(36,:);
ee37 = in1(37,:);
ee38 = in1(38,:);
ee39 = in1(39,:);
ee40 = in1(40,:);
ee41 = in1(41,:);
ee42 = in1(42,:);
ee43 = in1(43,:);
ee44 = in1(44,:);
ee45 = in1(45,:);
ee46 = in1(46,:);
ee47 = in1(47,:);
ee48 = in1(48,:);
ee49 = in1(49,:);
ee50 = in1(50,:);
ee51 = in1(51,:);
ee52 = in1(52,:);
ee53 = in1(53,:);
ee54 = in1(54,:);
t2 = H.*eta;
t3 = W.*zeta;
t4 = H.^2;
t5 = W.^2;
t6 = eta.^2;
t7 = xi.*2.0;
t8 = xi+1.0;
t9 = zeta.^2;
t10 = 1.0./H;
t11 = 1.0./L;
t12 = 1.0./W;
t17 = H./2.0;
t18 = W./2.0;
t19 = xi+1.0./2.0;
t24 = xi-1.0./2.0;
t13 = t7+2.0;
t14 = t8.^2;
t15 = H.*t8;
t16 = W.*t8;
t20 = t2./4.0;
t21 = t2.*(3.0./4.0);
t22 = t3./4.0;
t23 = t3.*(3.0./4.0);
t33 = (t2.*t3)./2.0;
t36 = (t2.*t3)./8.0;
t37 = t2.*t3.*(3.0./8.0);
t56 = t2.^2./1.6e+1;
t57 = t2.^2.*(3.0./1.6e+1);
t62 = t3.^2./1.6e+1;
t63 = t3.^2.*(3.0./1.6e+1);
t25 = W.*t20;
t26 = H.*t22;
t27 = H.*t20;
t28 = t15./4.0;
t29 = t15.*(3.0./4.0);
t30 = t16./4.0;
t31 = t16.*(3.0./4.0);
t32 = W.*t22;
t38 = (t2.*t16)./2.0;
t39 = (t3.*t15)./2.0;
t40 = t2.*t20;
t41 = t14.*t17;
t42 = (H.*t14)./4.0;
t43 = t14.*t18;
t44 = (W.*t14)./4.0;
t45 = t3.*t22;
t46 = (t2.*t16)./8.0;
t47 = t2.*t16.*(3.0./8.0);
t48 = (t2.*t13)./2.0;
t49 = t13.*t20;
t50 = (t2.*t15)./2.0;
t51 = (t3.*t15)./8.0;
t52 = t3.*t15.*(3.0./8.0);
t53 = (t3.*t13)./2.0;
t54 = t13.*t22;
t55 = (t3.*t16)./2.0;
t58 = H.*t14.*(-1.0./2.0);
t60 = W.*t14.*(-1.0./2.0);
t66 = t2.*t13.*(-1.0./4.0);
t67 = (t2.*t15)./8.0;
t68 = t2.*t15.*(3.0./8.0);
t71 = t3.*t13.*(-1.0./4.0);
t72 = (t3.*t16)./8.0;
t73 = t3.*t16.*(3.0./8.0);
t79 = W.*t2.*t14.*(-1.0./4.0);
t80 = (W.*t2.*t14)./8.0;
t82 = H.*t3.*t14.*(-1.0./4.0);
t83 = (H.*t3.*t14)./8.0;
t86 = t13.*t36;
t88 = H.*t2.*t14.*(-1.0./4.0);
t89 = (H.*t2.*t14)./8.0;
t91 = W.*t3.*t14.*(-1.0./4.0);
t92 = (W.*t3.*t14)./8.0;
t93 = t2.*t3.*t13.*(-1.0./8.0);
t96 = (t2.^2.*t13)./8.0;
t97 = t13.*t56;
t98 = (t3.^2.*t13)./8.0;
t99 = t13.*t62;
t103 = t2.^2.*t13.*(-1.0./1.6e+1);
t105 = t3.^2.*t13.*(-1.0./1.6e+1);
t34 = -t29;
t35 = -t31;
t59 = -t42;
t61 = -t44;
t64 = -t47;
t65 = -t48;
t69 = -t52;
t70 = -t53;
t74 = t14.*t25;
t75 = t14.*t26;
t76 = t3.*t49;
t77 = -t68;
t78 = -t73;
t81 = t14.*t27;
t84 = t14.*t32;
t85 = t3.*t66;
t87 = -t80;
t90 = -t83;
t94 = -t89;
t95 = -t92;
t102 = -t96;
t104 = -t98;
t106 = t15+t58;
t107 = t16+t60;
t108 = t20+t66;
t109 = t21+t66;
t110 = t22+t71;
t111 = t23+t71;
t115 = t38+t79;
t116 = t39+t82;
t117 = t36+t93;
t118 = t37+t93;
t122 = t50+t88;
t124 = t55+t91;
t129 = t56+t103;
t130 = t57+t103;
t131 = t62+t105;
t132 = t63+t105;
t100 = t2+t65;
t101 = t3+t70;
t112 = t28+t59;
t113 = t30+t61;
t114 = t33+t85;
t119 = t17+t34+t42;
t120 = t18+t35+t44;
t121 = t46+t87;
t123 = t51+t90;
t125 = t40+t102;
t126 = t67+t94;
t127 = t45+t104;
t128 = t72+t95;
t133 = t25+t64+t80;
t134 = t26+t69+t83;
t135 = t32+t78+t92;
t136 = t27+t77+t89;
F = reshape([t11.*(-ee1.*t24+ee19.*t7-ee37.*t19+ee4.*t109+ee7.*t111-ee22.*t100-ee25.*t101+ee10.*t118-ee28.*t114+ee40.*t108+ee43.*t110+ee46.*t117+ee13.*(t57-t97)+ee16.*(t63-t99)+ee49.*(t56-t97)+ee52.*(t62-t99)+ee31.*(t96-t2.^2./4.0)+ee34.*(t98-t3.^2./4.0)).*-2.0,t11.*(-ee2.*t24+ee20.*t7-ee38.*t19+ee5.*t109+ee8.*t111-ee23.*t100-ee26.*t101+ee11.*t118-ee29.*t114+ee41.*t108+ee44.*t110+ee47.*t117+ee14.*(t57-t97)+ee17.*(t63-t99)+ee50.*(t56-t97)+ee53.*(t62-t99)+ee32.*(t96-t2.^2./4.0)+ee35.*(t98-t3.^2./4.0)).*-2.0,t11.*(-ee3.*t24+ee21.*t7-ee39.*t19+ee6.*t109+ee9.*t111-ee24.*t100-ee27.*t101+ee12.*t118-ee30.*t114+ee42.*t108+ee45.*t110+ee48.*t117+ee15.*(t57-t97)+ee18.*(t63-t99)+ee51.*(t56-t97)+ee54.*(t62-t99)+ee33.*(t96-t2.^2./4.0)+ee36.*(t98-t3.^2./4.0)).*-2.0,t10.*(ee4.*t119+ee22.*t106+ee10.*t134+ee28.*t116+ee13.*t136-ee40.*t112+ee31.*t122-ee46.*t123-ee49.*t126).*2.0,t10.*(ee5.*t119+ee23.*t106+ee11.*t134+ee29.*t116+ee14.*t136-ee41.*t112+ee32.*t122-ee47.*t123-ee50.*t126).*2.0,t10.*(ee6.*t119+ee24.*t106+ee12.*t134+ee30.*t116+ee15.*t136-ee42.*t112+ee33.*t122-ee48.*t123-ee51.*t126).*2.0,t12.*(ee7.*t120+ee25.*t107+ee10.*t133+ee28.*t115+ee16.*t135-ee43.*t113+ee34.*t124-ee46.*t121-ee52.*t128).*2.0,t12.*(ee8.*t120+ee26.*t107+ee11.*t133+ee29.*t115+ee17.*t135-ee44.*t113+ee35.*t124-ee47.*t121-ee53.*t128).*2.0,t12.*(ee9.*t120+ee27.*t107+ee12.*t133+ee30.*t115+ee18.*t135-ee45.*t113+ee36.*t124-ee48.*t121-ee54.*t128).*2.0],[3,3]);
