function F = FF_3353(in1,L,H,W,xi,eta,zeta)
%FF_3353
%    F = FF_3353(IN1,L,H,W,XI,ETA,ZETA)

%    This function was generated by the Symbolic Math Toolbox version 8.3.
%    15-Apr-2020 16:35:14

ee1 = in1(1,:);
ee2 = in1(2,:);
ee3 = in1(3,:);
ee4 = in1(4,:);
ee5 = in1(5,:);
ee6 = in1(6,:);
ee7 = in1(7,:);
ee8 = in1(8,:);
ee9 = in1(9,:);
ee10 = in1(10,:);
ee11 = in1(11,:);
ee12 = in1(12,:);
ee13 = in1(13,:);
ee14 = in1(14,:);
ee15 = in1(15,:);
ee16 = in1(16,:);
ee17 = in1(17,:);
ee18 = in1(18,:);
ee19 = in1(19,:);
ee20 = in1(20,:);
ee21 = in1(21,:);
ee22 = in1(22,:);
ee23 = in1(23,:);
ee24 = in1(24,:);
ee25 = in1(25,:);
ee26 = in1(26,:);
ee27 = in1(27,:);
ee28 = in1(28,:);
ee29 = in1(29,:);
ee30 = in1(30,:);
ee31 = in1(31,:);
ee32 = in1(32,:);
ee33 = in1(33,:);
ee34 = in1(34,:);
ee35 = in1(35,:);
ee36 = in1(36,:);
ee37 = in1(37,:);
ee38 = in1(38,:);
ee39 = in1(39,:);
ee40 = in1(40,:);
ee41 = in1(41,:);
ee42 = in1(42,:);
ee43 = in1(43,:);
ee44 = in1(44,:);
ee45 = in1(45,:);
t2 = H.*eta;
t3 = W.*zeta;
t4 = H.^2;
t5 = W.^2;
t6 = eta.^2;
t7 = xi.*2.0;
t8 = xi+1.0;
t9 = zeta.^2;
t10 = 1.0./H;
t11 = 1.0./L;
t12 = 1.0./W;
t17 = H./2.0;
t18 = W./2.0;
t19 = xi+1.0./2.0;
t24 = xi-1.0./2.0;
t13 = t7+2.0;
t14 = t8.^2;
t15 = H.*t8;
t16 = W.*t8;
t20 = t2./4.0;
t21 = t2.*(3.0./4.0);
t22 = t3./4.0;
t23 = t3.*(3.0./4.0);
t45 = t2.^2./1.6e+1;
t46 = t2.^2.*(3.0./1.6e+1);
t51 = t3.^2./1.6e+1;
t52 = t3.^2.*(3.0./1.6e+1);
t25 = H.*t20;
t26 = t15./4.0;
t27 = t15.*(3.0./4.0);
t28 = t16./4.0;
t29 = t16.*(3.0./4.0);
t30 = W.*t22;
t33 = t2.*t20;
t34 = t14.*t17;
t35 = (H.*t14)./4.0;
t36 = t14.*t18;
t37 = (W.*t14)./4.0;
t38 = t3.*t22;
t39 = (t2.*t13)./2.0;
t40 = t13.*t20;
t41 = (t2.*t15)./2.0;
t42 = (t3.*t13)./2.0;
t43 = t13.*t22;
t44 = (t3.*t16)./2.0;
t47 = H.*t14.*(-1.0./2.0);
t49 = W.*t14.*(-1.0./2.0);
t54 = t2.*t13.*(-1.0./4.0);
t55 = (t2.*t15)./8.0;
t56 = t2.*t15.*(3.0./8.0);
t58 = t3.*t13.*(-1.0./4.0);
t59 = (t3.*t16)./8.0;
t60 = t3.*t16.*(3.0./8.0);
t65 = H.*t2.*t14.*(-1.0./4.0);
t66 = (H.*t2.*t14)./8.0;
t67 = W.*t3.*t14.*(-1.0./4.0);
t68 = (W.*t3.*t14)./8.0;
t71 = (t2.^2.*t13)./8.0;
t72 = t13.*t45;
t73 = (t3.^2.*t13)./8.0;
t74 = t13.*t51;
t78 = t2.^2.*t13.*(-1.0./1.6e+1);
t80 = t3.^2.*t13.*(-1.0./1.6e+1);
t31 = -t27;
t32 = -t29;
t48 = -t35;
t50 = -t37;
t53 = -t39;
t57 = -t42;
t61 = -t56;
t62 = -t60;
t63 = t14.*t25;
t64 = t14.*t30;
t69 = -t66;
t70 = -t68;
t77 = -t71;
t79 = -t73;
t81 = t15+t47;
t82 = t16+t49;
t83 = t20+t54;
t84 = t21+t54;
t85 = t22+t58;
t86 = t23+t58;
t91 = t41+t65;
t92 = t44+t67;
t97 = t45+t78;
t98 = t46+t78;
t99 = t51+t80;
t100 = t52+t80;
t75 = t2+t53;
t76 = t3+t57;
t87 = t26+t48;
t88 = t28+t50;
t89 = t17+t31+t35;
t90 = t18+t32+t37;
t93 = t33+t77;
t94 = t55+t69;
t95 = t38+t79;
t96 = t59+t70;
t101 = t30+t62+t68;
t102 = t25+t61+t66;
F = reshape([t11.*(-ee1.*t24-ee31.*t19+ee4.*t84+ee7.*t86-ee19.*t75-ee22.*t76+ee34.*t83+ee37.*t85+ee16.*xi.*2.0+ee10.*(t46-t72)+ee13.*(t52-t74)+ee40.*(t45-t72)+ee43.*(t51-t74)+ee25.*(t71-t2.^2./4.0)+ee28.*(t73-t3.^2./4.0)).*-2.0,t11.*(-ee2.*t24-ee32.*t19+ee5.*t84+ee8.*t86-ee20.*t75-ee23.*t76+ee35.*t83+ee38.*t85+ee17.*xi.*2.0+ee11.*(t46-t72)+ee14.*(t52-t74)+ee41.*(t45-t72)+ee44.*(t51-t74)+ee26.*(t71-t2.^2./4.0)+ee29.*(t73-t3.^2./4.0)).*-2.0,t11.*(-ee3.*t24-ee33.*t19+ee6.*t84+ee9.*t86-ee21.*t75-ee24.*t76+ee36.*t83+ee39.*t85+ee18.*xi.*2.0+ee12.*(t46-t72)+ee15.*(t52-t74)+ee42.*(t45-t72)+ee45.*(t51-t74)+ee27.*(t71-t2.^2./4.0)+ee30.*(t73-t3.^2./4.0)).*-2.0,t10.*(ee4.*t89+ee19.*t81+ee10.*t102+ee25.*t91-ee34.*t87-ee40.*t94).*2.0,t10.*(ee5.*t89+ee20.*t81+ee11.*t102+ee26.*t91-ee35.*t87-ee41.*t94).*2.0,t10.*(ee6.*t89+ee21.*t81+ee12.*t102+ee27.*t91-ee36.*t87-ee42.*t94).*2.0,t12.*(ee7.*t90+ee22.*t82+ee13.*t101+ee28.*t92-ee37.*t88-ee43.*t96).*2.0,t12.*(ee8.*t90+ee23.*t82+ee14.*t101+ee29.*t92-ee38.*t88-ee44.*t96).*2.0,t12.*(ee9.*t90+ee24.*t82+ee15.*t101+ee30.*t92-ee39.*t88-ee45.*t96).*2.0],[3,3]);
