function dEde = dEde_3353(in1,L,H,W,xi,eta,zeta)
%DEDE_3353
%    DEDE = DEDE_3353(IN1,L,H,W,XI,ETA,ZETA)

%    This function was generated by the Symbolic Math Toolbox version 8.3.
%    15-Apr-2020 16:35:23

ee1 = in1(1,:);
ee2 = in1(2,:);
ee3 = in1(3,:);
ee4 = in1(4,:);
ee5 = in1(5,:);
ee6 = in1(6,:);
ee7 = in1(7,:);
ee8 = in1(8,:);
ee9 = in1(9,:);
ee10 = in1(10,:);
ee11 = in1(11,:);
ee12 = in1(12,:);
ee13 = in1(13,:);
ee14 = in1(14,:);
ee15 = in1(15,:);
ee16 = in1(16,:);
ee17 = in1(17,:);
ee18 = in1(18,:);
ee19 = in1(19,:);
ee20 = in1(20,:);
ee21 = in1(21,:);
ee22 = in1(22,:);
ee23 = in1(23,:);
ee24 = in1(24,:);
ee25 = in1(25,:);
ee26 = in1(26,:);
ee27 = in1(27,:);
ee28 = in1(28,:);
ee29 = in1(29,:);
ee30 = in1(30,:);
ee31 = in1(31,:);
ee32 = in1(32,:);
ee33 = in1(33,:);
ee34 = in1(34,:);
ee35 = in1(35,:);
ee36 = in1(36,:);
ee37 = in1(37,:);
ee38 = in1(38,:);
ee39 = in1(39,:);
ee40 = in1(40,:);
ee41 = in1(41,:);
ee42 = in1(42,:);
ee43 = in1(43,:);
ee44 = in1(44,:);
ee45 = in1(45,:);
t2 = H.*eta;
t3 = W.*zeta;
t4 = H.^2;
t5 = W.^2;
t6 = eta.^2;
t7 = xi.*2.0;
t8 = xi+1.0;
t9 = zeta.^2;
t13 = 1.0./H;
t15 = 1.0./L;
t17 = 1.0./W;
t23 = H./2.0;
t24 = W./2.0;
t25 = xi+1.0./2.0;
t30 = xi-1.0./2.0;
t10 = ee16.*t7;
t11 = ee17.*t7;
t12 = ee18.*t7;
t14 = 1.0./t4;
t16 = t15.^2;
t18 = 1.0./t5;
t19 = t7+2.0;
t20 = t8.^2;
t21 = H.*t8;
t22 = W.*t8;
t26 = t2./4.0;
t27 = t2.*(3.0./4.0);
t28 = t3./4.0;
t29 = t3.*(3.0./4.0);
t31 = ee31.*t25;
t32 = ee32.*t25;
t33 = ee33.*t25;
t40 = ee1.*t30;
t41 = ee2.*t30;
t42 = ee3.*t30;
t63 = t2.^2./1.6e+1;
t64 = t2.^2.*(3.0./1.6e+1);
t69 = t3.^2./1.6e+1;
t70 = t3.^2.*(3.0./1.6e+1);
t34 = H.*t26;
t35 = t21./4.0;
t36 = t21.*(3.0./4.0);
t37 = t22./4.0;
t38 = t22.*(3.0./4.0);
t39 = W.*t28;
t45 = -t31;
t46 = -t32;
t47 = -t33;
t48 = -t40;
t49 = -t41;
t50 = -t42;
t51 = t2.*t26;
t52 = t20.*t23;
t53 = (H.*t20)./4.0;
t54 = t20.*t24;
t55 = (W.*t20)./4.0;
t56 = t3.*t28;
t57 = (t2.*t19)./2.0;
t58 = t19.*t26;
t59 = (t2.*t21)./2.0;
t60 = (t3.*t19)./2.0;
t61 = t19.*t28;
t62 = (t3.*t22)./2.0;
t65 = H.*t20.*(-1.0./2.0);
t67 = W.*t20.*(-1.0./2.0);
t72 = t2.*t19.*(-1.0./4.0);
t73 = (t2.*t21)./8.0;
t74 = t2.*t21.*(3.0./8.0);
t76 = t3.*t19.*(-1.0./4.0);
t77 = (t3.*t22)./8.0;
t78 = t3.*t22.*(3.0./8.0);
t83 = H.*t2.*t20.*(-1.0./4.0);
t84 = (H.*t2.*t20)./8.0;
t85 = W.*t3.*t20.*(-1.0./4.0);
t86 = (W.*t3.*t20)./8.0;
t89 = (t2.^2.*t19)./8.0;
t90 = t19.*t63;
t91 = (t3.^2.*t19)./8.0;
t92 = t19.*t69;
t96 = t2.^2.*t19.*(-1.0./1.6e+1);
t98 = t3.^2.*t19.*(-1.0./1.6e+1);
t43 = -t36;
t44 = -t38;
t66 = -t53;
t68 = -t55;
t71 = -t57;
t75 = -t60;
t79 = -t74;
t80 = -t78;
t81 = t20.*t34;
t82 = t20.*t39;
t87 = -t84;
t88 = -t86;
t95 = -t89;
t97 = -t91;
t99 = t21+t65;
t100 = t22+t67;
t113 = t26+t72;
t114 = t27+t72;
t115 = t28+t76;
t116 = t29+t76;
t151 = t59+t83;
t152 = t62+t85;
t169 = t63+t96;
t170 = t64+t96;
t171 = t69+t98;
t172 = t70+t98;
t176 = -ee28.*(t91-t3.^2./4.0);
t177 = -ee29.*(t91-t3.^2./4.0);
t178 = -ee30.*(t91-t3.^2./4.0);
t182 = -ee25.*(t89-t2.^2./4.0);
t183 = -ee26.*(t89-t2.^2./4.0);
t184 = -ee27.*(t89-t2.^2./4.0);
t185 = ee13.*(t70-t92);
t186 = ee14.*(t70-t92);
t187 = ee15.*(t70-t92);
t188 = ee43.*(t69-t92);
t189 = ee44.*(t69-t92);
t190 = ee45.*(t69-t92);
t191 = ee10.*(t64-t90);
t192 = ee11.*(t64-t90);
t193 = ee12.*(t64-t90);
t194 = ee40.*(t63-t90);
t195 = ee41.*(t63-t90);
t196 = ee42.*(t63-t90);
t200 = ee28.*(t91-t3.^2./4.0);
t201 = ee29.*(t91-t3.^2./4.0);
t202 = ee30.*(t91-t3.^2./4.0);
t206 = ee25.*(t89-t2.^2./4.0);
t207 = ee26.*(t89-t2.^2./4.0);
t208 = ee27.*(t89-t2.^2./4.0);
t93 = t2+t71;
t94 = t3+t75;
t107 = ee19.*t99;
t108 = ee20.*t99;
t109 = ee21.*t99;
t110 = ee22.*t100;
t111 = ee23.*t100;
t112 = ee24.*t100;
t123 = t35+t66;
t124 = t37+t68;
t125 = ee4.*t114;
t126 = ee5.*t114;
t127 = ee6.*t114;
t128 = ee34.*t113;
t129 = ee35.*t113;
t130 = ee36.*t113;
t131 = ee7.*t116;
t132 = ee8.*t116;
t133 = ee9.*t116;
t134 = ee37.*t115;
t135 = ee38.*t115;
t136 = ee39.*t115;
t149 = t23+t43+t53;
t150 = t24+t44+t55;
t159 = ee25.*t151;
t160 = ee26.*t151;
t161 = ee27.*t151;
t162 = t51+t95;
t163 = t73+t87;
t164 = ee28.*t152;
t165 = ee29.*t152;
t166 = ee30.*t152;
t167 = t56+t97;
t168 = t77+t88;
t209 = t39+t80+t86;
t210 = t34+t79+t84;
t101 = ee19.*t93;
t102 = ee20.*t93;
t103 = ee21.*t93;
t104 = ee22.*t94;
t105 = ee23.*t94;
t106 = ee24.*t94;
t137 = ee34.*t123;
t138 = ee35.*t123;
t139 = ee36.*t123;
t140 = ee37.*t124;
t141 = ee38.*t124;
t142 = ee39.*t124;
t153 = ee4.*t149;
t154 = ee5.*t149;
t155 = ee6.*t149;
t156 = ee7.*t150;
t157 = ee8.*t150;
t158 = ee9.*t150;
t173 = ee40.*t163;
t174 = ee41.*t163;
t175 = ee42.*t163;
t179 = ee43.*t168;
t180 = ee44.*t168;
t181 = ee45.*t168;
t211 = ee10.*t210;
t212 = ee11.*t210;
t213 = ee12.*t210;
t214 = ee13.*t209;
t215 = ee14.*t209;
t216 = ee15.*t209;
t117 = -t101;
t118 = -t102;
t119 = -t103;
t120 = -t104;
t121 = -t105;
t122 = -t106;
t143 = -t137;
t144 = -t138;
t145 = -t139;
t146 = -t140;
t147 = -t141;
t148 = -t142;
t197 = -t173;
t198 = -t174;
t199 = -t175;
t203 = -t179;
t204 = -t180;
t205 = -t181;
t217 = t107+t143+t153+t159+t197+t211;
t218 = t108+t144+t154+t160+t198+t212;
t219 = t109+t145+t155+t161+t199+t213;
t220 = t110+t146+t156+t164+t203+t214;
t221 = t111+t147+t157+t165+t204+t215;
t222 = t112+t148+t158+t166+t205+t216;
t415 = t10+t45+t48+t117+t120+t125+t128+t131+t134+t185+t188+t191+t194+t200+t206;
t416 = t11+t46+t49+t118+t121+t126+t129+t132+t135+t186+t189+t192+t195+t201+t207;
t417 = t12+t47+t50+t119+t122+t127+t130+t133+t136+t187+t190+t193+t196+t202+t208;
t418 = t13.*t15.*t99.*(-t31-t40+t117+t120+t125+t128+t131+t134+t185+t188+t191+t194+t200+t206+ee16.*xi.*2.0).*2.0;
t419 = t13.*t15.*t99.*(-t32-t41+t118+t121+t126+t129+t132+t135+t186+t189+t192+t195+t201+t207+ee17.*xi.*2.0).*2.0;
t420 = t13.*t15.*t99.*(-t33-t42+t119+t122+t127+t130+t133+t136+t187+t190+t193+t196+t202+t208+ee18.*xi.*2.0).*2.0;
t421 = t15.*t17.*t100.*(-t31-t40+t117+t120+t125+t128+t131+t134+t185+t188+t191+t194+t200+t206+ee16.*xi.*2.0).*2.0;
t422 = t15.*t17.*t100.*(-t32-t41+t118+t121+t126+t129+t132+t135+t186+t189+t192+t195+t201+t207+ee17.*xi.*2.0).*2.0;
t423 = t15.*t17.*t100.*(-t33-t42+t119+t122+t127+t130+t133+t136+t187+t190+t193+t196+t202+t208+ee18.*xi.*2.0).*2.0;
t430 = t13.*t15.*t123.*(-t31-t40+t117+t120+t125+t128+t131+t134+t185+t188+t191+t194+t200+t206+ee16.*xi.*2.0).*2.0;
t431 = t13.*t15.*t123.*(-t32-t41+t118+t121+t126+t129+t132+t135+t186+t189+t192+t195+t201+t207+ee17.*xi.*2.0).*2.0;
t432 = t13.*t15.*t123.*(-t33-t42+t119+t122+t127+t130+t133+t136+t187+t190+t193+t196+t202+t208+ee18.*xi.*2.0).*2.0;
t433 = t15.*t17.*t124.*(-t31-t40+t117+t120+t125+t128+t131+t134+t185+t188+t191+t194+t200+t206+ee16.*xi.*2.0).*2.0;
t434 = t15.*t17.*t124.*(-t32-t41+t118+t121+t126+t129+t132+t135+t186+t189+t192+t195+t201+t207+ee17.*xi.*2.0).*2.0;
t435 = t15.*t17.*t124.*(-t33-t42+t119+t122+t127+t130+t133+t136+t187+t190+t193+t196+t202+t208+ee18.*xi.*2.0).*2.0;
t436 = t13.*t15.*t149.*(-t31-t40+t117+t120+t125+t128+t131+t134+t185+t188+t191+t194+t200+t206+ee16.*xi.*2.0).*2.0;
t437 = t13.*t15.*t149.*(-t32-t41+t118+t121+t126+t129+t132+t135+t186+t189+t192+t195+t201+t207+ee17.*xi.*2.0).*2.0;
t438 = t13.*t15.*t149.*(-t33-t42+t119+t122+t127+t130+t133+t136+t187+t190+t193+t196+t202+t208+ee18.*xi.*2.0).*2.0;
t439 = t15.*t17.*t150.*(-t31-t40+t117+t120+t125+t128+t131+t134+t185+t188+t191+t194+t200+t206+ee16.*xi.*2.0).*2.0;
t440 = t15.*t17.*t150.*(-t32-t41+t118+t121+t126+t129+t132+t135+t186+t189+t192+t195+t201+t207+ee17.*xi.*2.0).*2.0;
t441 = t15.*t17.*t150.*(-t33-t42+t119+t122+t127+t130+t133+t136+t187+t190+t193+t196+t202+t208+ee18.*xi.*2.0).*2.0;
t445 = t15.*t17.*t152.*(-t31-t40+t117+t120+t125+t128+t131+t134+t185+t188+t191+t194+t200+t206+ee16.*xi.*2.0).*2.0;
