function F = FF_3333(in1,L,H,W,xi,eta,zeta)
%FF_3333
%    F = FF_3333(IN1,L,H,W,XI,ETA,ZETA)

%    This function was generated by the Symbolic Math Toolbox version 8.3.
%    19-Feb-2020 13:11:34

ee1 = in1(1,:);
ee2 = in1(2,:);
ee3 = in1(3,:);
ee4 = in1(4,:);
ee5 = in1(5,:);
ee6 = in1(6,:);
ee7 = in1(7,:);
ee8 = in1(8,:);
ee9 = in1(9,:);
ee10 = in1(10,:);
ee11 = in1(11,:);
ee12 = in1(12,:);
ee13 = in1(13,:);
ee14 = in1(14,:);
ee15 = in1(15,:);
ee16 = in1(16,:);
ee17 = in1(17,:);
ee18 = in1(18,:);
ee19 = in1(19,:);
ee20 = in1(20,:);
ee21 = in1(21,:);
ee22 = in1(22,:);
ee23 = in1(23,:);
ee24 = in1(24,:);
ee25 = in1(25,:);
ee26 = in1(26,:);
ee27 = in1(27,:);
t2 = H.*eta;
t3 = W.*zeta;
t4 = xi.*2.0;
t5 = xi+1.0;
t6 = 1.0./H;
t7 = 1.0./L;
t8 = 1.0./W;
t13 = H./2.0;
t14 = W./2.0;
t15 = xi+1.0./2.0;
t20 = xi-1.0./2.0;
t9 = t4+2.0;
t10 = t5.^2;
t11 = H.*t5;
t12 = W.*t5;
t16 = t2./4.0;
t17 = t2.*(3.0./4.0);
t18 = t3./4.0;
t19 = t3.*(3.0./4.0);
t21 = t11./4.0;
t22 = t11.*(3.0./4.0);
t23 = t12./4.0;
t24 = t12.*(3.0./4.0);
t27 = t10.*t13;
t28 = (H.*t10)./4.0;
t29 = t10.*t14;
t30 = (W.*t10)./4.0;
t31 = (t2.*t9)./2.0;
t32 = t9.*t16;
t33 = (t3.*t9)./2.0;
t34 = t9.*t18;
t35 = H.*t10.*(-1.0./2.0);
t37 = W.*t10.*(-1.0./2.0);
t40 = t2.*t9.*(-1.0./4.0);
t42 = t3.*t9.*(-1.0./4.0);
t25 = -t22;
t26 = -t24;
t36 = -t28;
t38 = -t30;
t39 = -t31;
t41 = -t33;
t45 = t11+t35;
t46 = t12+t37;
t47 = t16+t40;
t48 = t17+t40;
t49 = t18+t42;
t50 = t19+t42;
t43 = t2+t39;
t44 = t3+t41;
t51 = t21+t36;
t52 = t23+t38;
t53 = t13+t25+t28;
t54 = t14+t26+t30;
F = reshape([t7.*(ee10.*t4-ee1.*t20-ee19.*t15+ee4.*t48-ee13.*t43+ee7.*t50-ee16.*t44+ee22.*t47+ee25.*t49).*-2.0,t7.*(ee11.*t4-ee2.*t20-ee20.*t15+ee5.*t48-ee14.*t43+ee8.*t50-ee17.*t44+ee23.*t47+ee26.*t49).*-2.0,t7.*(ee12.*t4-ee3.*t20-ee21.*t15+ee6.*t48-ee15.*t43+ee9.*t50-ee18.*t44+ee24.*t47+ee27.*t49).*-2.0,t6.*(ee4.*t53+ee13.*t45-ee22.*t51).*2.0,t6.*(ee5.*t53+ee14.*t45-ee23.*t51).*2.0,t6.*(ee6.*t53+ee15.*t45-ee24.*t51).*2.0,t8.*(ee7.*t54+ee16.*t46-ee25.*t52).*2.0,t8.*(ee8.*t54+ee17.*t46-ee26.*t52).*2.0,t8.*(ee9.*t54+ee18.*t46-ee27.*t52).*2.0],[3,3]);
